<?xml version="1.0"?>
<opencv_storage>
<listNumberDetect type_id="opencv-matrix">
  <rows>40</rows>
  <cols>1</cols>
  <dt>i</dt>
  <data>
    57 56 54 53 48 52 51 50 49 55 55 53 52 49 57 56 54 51 50 48 50 57 55
    53 52 49 51 48 54 56 55 53 52 49 57 56 54 51 50 48</data></listNumberDetect>
</opencv_storage>
